8981292412
8929254974
8981967795
8974886891
8981030322
8965583862
8982508424
8960767538
8956664137
8978189294
8982731792
8975666034
8978939781
8959522504
8969951538
8982720140
8982995701
8829562843
8979452017
8942494711
8977636719
8975749737
8982896369
8977964493
8974768565
8979709203
8980840950
8976134480
8899710317
8973996679
8982274595
8737977516
8970278595
8807024481
8976376637
8968051798
8974780914
8972164224
8974286047
8919254102
8974292772
8974810907
8979580640
8964755260
8983220968
8933072349
8975869985
8979352826
8243382165
8980980076
8965113628
8981719535
8976826220
8946694356
8979570445
8982932592
8981587100
8975923234
8974402721
8974761193
8977732802
8865629863
8983300165
8921898249
8907472843
8936113244
8978199014
8982883218
8891778306
8981034127
8977564720
8975396164
8974320298
8980471064
8979311032
8723190593
8980821160
8976180869
8976219166
8982104101
8976282205
8978555920
8975855332
8981603204
8959712599
8982065720
8977657027
8958894126
8706005332
8977282869
8957868242
8981036444
8978248605
8979902524
8982912494
8980566753
8964904866
8956625087
8978929794
8980869169
8973613596
8975896017
8979870024
8981979759
8933203556
8978975331
8978451570
8975964634
8983131964
8732803824
8982162448
8912272447
8964668479
8947532368
8974895884
8944683891
8979522632
8974801855
8974408328
8976330397
8979560321
8965351491
8962241815
8972191483
8981940330
8974670097
8981662829
8980880025
8981306346
8801526355
8973345496
8978509709
8971012382
8802099182
8974227416
8975893560
8974928207
8975335427
8983013022
8974768254
8967676904
8979047967
8979854305
8979818892
8975466354
8982254312
8978858315
8977366454
8930259085
8978576176
8981446347
8976284463
8980865430
8973858010
8713656994
8976466113
8971355665
8981855605
8979986718
8971374112
8979450414
8979125463
8978297379
8975818434
8982410988
8975037627
8983228861
8982696698
8976743228
8982532591
8976349802
8888416110
8918536674
8980644888
8979405077
8974570426
8980202354
8974424011
8981194322
8982696626
8976007820
8978952414
8979860489
8927720673
8970432742
8982730944
8975392143
8982223811
8981105559
8982887260
8975601873
8982352912
8975411955
8967197926
8900687181
8972668113
8973655018
8980186968
8954799206
8966819226
8980891201
8827590954
8982107273
8971689439
8975901075
8975978258
8964573974
8863107243
8979318015
8960513946
8980477288
8972873923
8981551554
8974922127
8980479783
8979223385
8980503119
8960720511
8975515314
8975530899
8975514122
8978971207
8973851858
8978995818
8944557626
8616733412
8980598886
8834377271
8976797362
8976137384
8967720912
8980561193
8979864433
8956663432
8960929023
8975363356
8981671610
8970810007
8983135530
8974823930
8966603313
8979807749
8980733555
8961695907
8975034175
8974813908
8975072173
8979353930
8941436118
8979702377
8971198203
8858104390
8917514819
8826157870
8616688114
8942972047
8909811803
8975439553
8913721369
8979050574
8974379057
8973735692
8981655954
8982036098
8939539976
8975616717
8970560574
8944255120
8915556783
8972641673
8974201413
8908474694
8982640215
8898835912
8751923455
8959004036
8971614774
8979972761
8974171252
8971406316
8975340617
8977968864
8980415365
8978901253
8978830421
8975649081
8979843416
8971472810
8974480970
8973141087
8964109434
8980066955
8867856661
8966266517
8982572552
8974714271
8832869191
8972622292
8981512713
8983062025
8982351340
8981633489
8977648749
8968626424
8974088925
8973314000
8980848959
8982748075
8981164700
8975222549
8914075393
8976157389
8983283912
8878089696
8816383151
8975030281
8973721500
8916728043
8957147886
8982966915
8976373942
8983145085
8976051448
8952196476
8974248532
8982897990
8979849930
8919032358
8964175424
8977351196
8972339036
8974489184
8981157183
8983049989
8973036808
8924279890
8975560465
8942559476
8973975418
8963447555
8982638555
8938989170
8947103622
8868741102
8976930576
8951700604
8965798534
8983290925
8976031840
8981372811
8975412713
8934020964
8974121970
8962325680
8978606705
8852058889
8976075024
8968542191
8983278476
8900756451
8974183149
8982653935
8978786497
8972397552
8971431161
8976648344
8980070258
8981215789
8977648601
8973895968
8981926714
8978128629
8979549887
8970452521
8971350988
8981995690
8867427002
8983092920
8964165061
8773502791
8752970943
8898682914
8975431889
8975919029
8938584592
8981916155
8971889563
8971629253
8941465942
8980309311
8939312967
8980622428
8982668193
8979852229
8980452092
8944230764
8965586013
8977062775
8975928405
8969955923
8973354188
8718692257
8964157432
8722682677
8981609732
8975023503
8943836924
8955277949
8980634932
8977327249
8976239888
8969644760
8976502466
8979490415
8975756841
8616656301
8980272390
8954910592
8976380188
8975513890
8976839077
8969867582
8977224780
8745842582
8979383669
8974127270
8975570747
8957080274
8978241804
8974790553
8983292275
8980178528
8981791255
8976400298
8981085466
8974815755
8980163218
8982254327
8765374376
8982631453
8982704708
8944125811
8978553291
8966914683
8976915212
8972549182
8956612260
8975880584
8979285404
8981407716
8981741936
8981979209
8982825627
8933973943
8973680931
8979805865
8958249850
8976518121
8973039333
8974051960
8975707419
8965787505
8975233524
8980135832
8980024510
8977924437
8974291332
8971713040
8956821504
8982022673
8978641256
8974423470
8976135187
8967435331
8975977520
8983282434
8976127661
8914418355
8748629530
8975134302
8922410431
8974836240
8974007674
8980587131
8980694082
8972354587
8976480941
8980928829
8974106718
8976945611
8948576262
8981926711
8980856008
8978099778
8969651462
8979895676
8950227500
8979587157
8939347838
8983282519
8975174923
8956753195
8945040254
8981427217
8975210431
8980407003
8982951899
8974870632
8972220532
8968393013
8972643565
8981482422
8981720935
8977349386
8982808469
8982773318
8957091541
8968853797
8955305850
8971859668
8977272776
8980233523
8980079277
8972567215
8981367371
8901005716
8970972399
8971235034
8975345770
8976265077
8964845562
8898887045
8981124557
8971785553
8973797936
8971318298
8975141730
8974132945
8974391819
8980339453
8975713545
8976546055
8978760220
8982107444
8980618838
8703669411
8972637736
8926802698
8973284017
8982121286
8979456802
8983249533
8976335428
8928356745
8981683634
8981965514
8942328022
8982550622
8971526132
8973775380
8755211798
8920141077
8930983144
8974989954
8962790571
8976473596
8974354633
8851777856
8972655682
8973765113
8978800599
8976307231
8974813664
8976448291
8915170663
8903280389
8983134134
8966054793
8979803492
8982804885
8976132314
8975277179
8977322594
8979524412
8977294460
8978699047
8802548395
8974557049
8962782356
8974125164
8973912958
8979129253
8932733150
8979200274
8978632551
8976759753
8922486848
8980341523
8616771831
8965774425
8979192042
8972814096
8983243979
8975608307
8981401741
8976904881
8982176002
8920824417
8983132813
8978792876
8956859781
8963236913
8977148718
8974239116
8955154710
8964216204
8976480272
8982051931
8976905272
8969854516
8976900006
8968289897
8969148704
8974991768
8976395299
8979066534
8976491656
8974222141
8965702532
8973592424
8976085135
8715816096
8970791662
8980745645
8971468327
8978572471
8975128190
8944541961
8950024995
8939904143
8976592179
8939464045
8975925441
8944106244
8975241113
8982853761
8972901506
8981519564
8974972074
8975047022
8969014501
8866057388
8975978094
8975648665
8979450805
8979619273
8974134759
8943218905
8970298705
8957486309
8936659028
8969544128
8963812749
8855056122
8980856497
8974419168
8982722054
8975386759
8976047515
8975452484
8977962635
8981859816
8904759859
8867940269
8971333015
8969395954
8978278510
8965548496
8915136470
8972629270
8827514139
8903343246
8975882922
8975983787
8773142249
8974466178
8982921331
8978999567
8981822245
8979131916
8982975698
8326168508
8929747209
8972623361
8976140954
8977322802
8870462415
8716067360
8971543531
8980116961
8883652872
8962350059
8980161844
8981126844
8975800630
8974863586
8982379292
8981052168
8938953180
8944436241
8974391282
8980149132
8981020758
8981735440
8981636445
8959078121
8974482374
8976096669
8982806060
8978589735
8975543547
8974099628
8981834360
8983153339
8977260112
8982833566
8981144689
8922491049
8960690587
8973843346
8978458287
8982891991
8975793385
8971814896
8982654627
8801932177
8896824592
8972713025
8974411630
8977753486
8966924959
8961267247
8981027192
8980733930
8947598538
8960489005
8980836702
8980672199
8969090858
8982169179
8977268027
8960613367
8975220236
8979122514
8974537101
8981296359
8867346852
8982018554
8975730130
8975548254
8971478262
8969283433
8616718623
8977627543
8972573723
8802616461
8802881077
8978991649
8975331976
8894844255
8982840306
8980278556
8936664179
8976577883
8978236010
8972925491
8982325737
8978900681
8963000799
8976911712
8975025360
8802090301
8978339314
8802079181
8974445013
8978015373
8979951525
8976053628
8867876175
8981626609
8801766186
8978301433
8979281364
8965829804
8971214405
8922039385
8981544486
8980818781
8979900364
8982326394
8957152851
8976070368
8947332219
8980886622
8965732060
8914996623
8974292266
8867549792
8977486510
8982231354
8974045760
8977576912
8980639620
8923851312
8920796183
8969400669
8974453942
8981059852
8966296611
8975555226
8981893500
8966368510
8947688501
8968579999
8915484050
8979831676
8980288282
8971581801
8979921648
8975975033
8970499996
8903272067
8974340499
8923928449
8979533107
8983024772
8978524547
8979109983
8974618656
8911095263
8974967345
8978644222
8975250499
8616619278
8976241719
8982051208
8978154545
8956531997
8965039996
8959180996
8982035714
8907488378
8979858474
8982541058
8980824859
8717107312
8982418295
8982490837
8982722143
8976693191
8975347834
8983087307
8976486620
8983205096
8973543640
8980746664
8939745273
8959477162
8975128978
8976749676
8981944176
8976166733
8972984540
8977705665
8974105679
8980442615
8974028937
8975587971
8979246778
8978161436
8979374382
8974313113
8977625187
8972651930
8839835275
8892760128
8967665200
8903944219
8981233717
8943755081
8979728127
8982977217
8981702640
8980071625
8979656333
8980554110
8971449881
8981472803
8980001523
8982384196
8982772756
8958620357
8977860856
8938919737
8975508588
8978380276
8982162140
8724969867
8980593810
8978338648
8944509510
8978181726
8979253079
8981629754
8982680328
8976337379
8982021347
8979102268
8976027502
8975247238
8979057540
8976553560
8983152223
8971379772
8977210197
8976396470
8978051005
8976001146
8981208702
8977563681
8981910317
8975566262
8979126334
8978641079
8979269197
8964621956
8857584163
8981872221
8981293753
8976716346
8942416060
8978886478
8968867431
8975208175
8974784841
8982778683
8975813249
8969370925
8976691881
8981846555
8981653084
8823415067
8971896313
8982763193
8980627298
8832463933
8952137656
8965448898
8977321705
8979260648
8819136305
8979359245
8971771942
8983213511
8887201546
8972148300
8983083032
8975394632
8983239524
8980153902
8922467423
8978205404
8974408434
8969502381
8971667287
8974148499
8957756702
8844408217
8974355584
8956654494
8982112459
8975690801
8977425248
8973088404
8978587852
8976129849
8978774282
8846706156
8920826122
8976029202
8980519167
8976276202
8982712854
8972720464
8974659774
8934929945
8977270400
8921222720
8975259830
8975093219
8838099748
8972577155
8982503412
8971694417
8981865653
8981283980
8954840431
8975567264
8976007379
8978139420
8923923897
8973421376
8952370186
8981956762
8924257533
8957956544
8967724339
8941369562
8980721535
8973553093
8974076297
8982661173
8921810724
8973686738
8908476069
8948368871
8979990619
8981310383
8982208289
8982838544
8973726681
8980252583
8976538249
8976131334
8976141149
8880212685
8964771701
8974812200
8972987098
8975260748
8982084109
8973276842
8980196435
8975822246
8975504291
8964293510
8942913428
8975631817
8973625138
8975653844
8978679929
8971446106
8969375970
8976302703
8971505719
8975848849
8979988821
8956123254
8972317936
8975657899
8978851587
8975418968
8982385485
8923493783
8982869914
8955112574
8965424939
8969144851
8976509247
8939945154
8972441088
8981001606
8981439975
8951200617
8978585472
8974554189
8982307063
8973934997
8974617234
8982080570
8979857946
8974081832
8715964251
8980796426
8979737965
8975177957
8898575585
8980028439
8979340092
8969381617
8977980662
8964938784
8969189819
8979401535
8979804823
8982562538
8977338421
8981976450
8983291720
8976093810
8976185577
8980046852
8706582425
8874979385
8913111620
8978522755
8982379072
8979209949
8967891031
8977478313
8979690141
8981615411
8971739662
8974779605
8976497413
8979933147
8970768756
8967912875
8979496932
8974777027
8975321742
8972567059
8982801075
8975538702
8802512244
8975320607
8907213271
8980493455
8960199699
8980129676
8978220749
8960794247
8879676900
8961925022
8973613455
8982917236
8982521505
8977765101
8962821162
8982032266
8973885697
8982973791
8975525481
8975735485
8951086350
8973962144
8969918922
8980449918
8933067867
8980694194
8976253002
8886662632
8967765837
8981999423
8975351031
8982095040
8976822629
8923927808
8981844776
8960334789
8969336668
8979868333
8983165562
8979888265
8980927843
8982034914
8974455429
8980799874
8983266667
8975309428
8982923282
8957786831
8970880778
8909976118
8982341144
8979798134
8981041192
8976193309
8975331178
8976983053
8975616226
8954877600
8895539030
8975105635
8974265647
8980241775
8616727088
8980570000
8940883081
8974387079
8979418925
8975686417
8979332460
8979867323
8975180869
8952478455
8977862151
8616652434
8976284562
8973467725
8981958395
8980373782
8981948300
8978213523
8975999370
8974666219
8942862743
8965807650
8755410771
8974443017
8959015518
8975496687
8924963000
8855362343
8973474693
8982162913
8975527369
8973274415
8982636757
8975026159
8965604840
8982186624
8981406968
8982257854
8975010825
8975318057
8955049534
8979364500
8933051576
8976264793
8971124036
8943978456
8974688904
8980818654
8755025309
8976212358
8981935780
8983232017
8967578706
8968787916
8949638418
8976290930
8975130834
8981224229
8971711517
8972692216
8977280228
8975575467
8977620445
8974338751
8980047092
8980794198
8981957032
8966453587
8967244012
8980531685
8972627312
8974483100
8974095887
8973953247
8982964026
8975575888
8975316706
8960698190
8973633444
8975415534
8974456011
8954971382
8982286179
8980276880
8819410287
8976280100
8983303412
8982143200
8981966737
8969211808
8981891132
8978874349
8979588748
8981825787
8972742120
8980775301
8776838811
8977455440
8979704542
8980912729
8982020428
8971966007
8981114667
8981087696
8978589151
8976408051
8971329751
8983207925
8974214424
8906113892
8977112716
8979920710
8964889329
8965805758
8975241206
8952446630
8982591801
8977106420
8979340064
8976220227
8974003964
8970361884
8976463837
8981278400
8616660555
8979485150
8915551517
8968467272
8974752562
8976200761
8917997233
8977069276
8920617724
8978539363
8977765076
8953792480
8982040379
8927453592
8976586488
8969070195
8955273924
8978670987
8980087884
8793157258
8964217873
8966101951
8978531678
8975278586
8979861743
8976629717
8832577325
8973090376
8971355020
8982789095
8968795650
8969367786
8979390147
8969192344
8980801628
8980985524
8975832419
8979501711
8981047869
8978529747
8975884003
8949269411
8982774778
8980650667
8979854567
8981471855
8976658062
8980266488
8974752125
8980995544
8969637264
8980237590
8980508932
8982562300
8976855688
8979776159
8975073917
8971564161
8975459352
8977303670
8915378094
8845390162
8983294776
8980366913
8963617176
8973435116
8983109930
8976351210
8974949234
8974019561
8974012003
8975504274
8975899085
8978971675
8980904189
8843836913
8976906007
8975105604
8979019995
8969084442
8980086231
8983313964
8971290080
8967918256
8978025785
8966057533
8981444812
8981985021
8980894135
8773893004
8975801279
8977655528
8972691058
8745861522
8944592995
8831821391
8983039021
8942544907
8975738580
8982476632
8983266126
8980780106
8973972064
8969484550
8970153363
8982572950
8976036670
8936269855
8974756049
8973988881
8979047073
8326204908
8980854333
8982001987
8975372413
8978820195
8975724982
8971494600
8983313714
8981820912
8846317993
8976533216
8975499670
8971199770
8982038485
8963072589
8978582347
8883627161
8982795204
8979638754
8967131275
8976022948
8975452917
8976480613
8971419093
8976323720
8918294436
8778828371
8977082503
8978993030
8865262757
8976773150
8975762614
8975188718
8972924047
8975829268
8983094886
8944088115
8983128977
8964244912
8981953630
8982248866
8982523494
8972467210
8982076374
8980037926
8978793637
8975512217
8966823728
8832998072
8976238599
8982121395
8980669042
8983106934
8983091845
8978290137
8974581889
8965629385
8979636465
8976616783
8983087420
8975268648
8884809525
8982474451
8974990169
8983007312
8975495185
8978334760
8980597775
8974519291
8979041485
8975893309
8751199376
8982970816
8977499456
8972512810
8982911303
8970687985
8978639458
8972459190
8973622407
8958744734
8979168769
8982557011
8783245761
8979979673
8975021800
8979455497
8871646354
8979218263
8982599446
8915905604
8974237587
8971344446
8979446464
8971862565
8836289168
8979252804
8948302366
8982466176
8981605797
8945588340
8981155650
8846307810
8971784067
8979409065
8846338942
8979657966
8899493537
8967831886
8974463647
8975293393
8975535743
8977832636
8977756267
8971435838
8982244915
8974297430
8982837533
8979855606
8979488599
8975118338
8978007096
8981883927
8981061999
8836102562
8983309592
8972658515
8855486247
8976245557
8982457862
8974770788
8912976690
8981970190
8925982451
8961852812
8968961022
8978780231
8971946957
8979476298
8973229896
8974956961
8977729621
8979885771
8971377079
8910307635
8942696432
8966723361
8971728823
8974088151
8979589328
8951402048
8983227573
8974425712
8981007085
8975000798
8933250377
8980324316
8981952587
8971898692
8865761206
8960797825
8981521635
8976107783
8973675944
8972116522
8981972354
8978713332
8979709415
8980927386
8974512486
8973959308
8977983010
8818149092
8977793980
8981326799
8957759686
8924427948
8968649513
8982530452
8975184226
8952461781
8981747758
8935207497
8979659848
8968815121
8981531068
8883285786
8979147059
8976422695
8836206102
8976336544
8955505044
8980483088
8822713554
8982451693
8976166334
8979877103
8982851114
8976610556
8816047009
8975996313
8980213510
8979625476
8964762393
8978168677
8974702758
8970526581
8980725807
8975739695
8715291457
8973189059
8979488410
8973811827
8979158995
8973827461
8978458030
8976458882
8952975085
8972317351
8910587707
8976274892
8979079069
8843544250
8735387800
8982604480
8981978638
8979214788
8980770159
8974997950
8982225533
8967162175
8979690960
8980232343
8818309656
8964293262
8982474758
8975725558
8976303815
8979335381
8799053888
8927877504
8979606969
8983064915
8974331197
8983296119
8982290466
8978728273
8954313978
8975481209
8971855858
8976398640
8975924502
8979307486
8864347793
8966276794
8826644338
8948180278
8981628120
8980900089
8942799964
8959757046
8982562385
8981006341
8906001541
8978957763
8979551171
8978283811
8976905451
8833055549
8979817097
8971985278
8773739097
8978429751
8975534168
8979863950
8975293229
8959686672
8979405238
8954891693
8979465728
8971882824
8974647749
8970814053
8977042320
8979395004
8963875749
8979931113
8976254458
8976293069
8971046660
8938086946
8968660795
8974522234
8963672990
8962726063
8974434906
8975995372
8981416178
8983080064
8978952771
8774616402
8976086207
8981587331
8975659650
8967707265
8978989196
8974844204
8973120335
8968675434
8883074425
8969232149
8982333925
8898806069
8979424187
8970563180
8954868018
8980349036
8968877110
8978137737
8982799584
8917488559
8975119503
8976024144
8982791763
8980129931
8974322744
8981108322
8977266257
8978625354
8978618215
8981187223
8952282830
8980865823
8976147490
8977472970
8979308254
8974350206
8974847110
8942834483
8976852770
8982442181
8973787224
8980937956
8983292314
8980642012
8979261780
8974487466
8976149778
8974822077
8616713669
8980499551
8982868627
8971838453
8979543574
8975158605
8971145275
8972495044
8969901973
8978994701
8982538700
8972730781
8981972068
8974111131
8958754096
8982284995
8975650540
8714105300
8975237164
8846326646
8972680133
8971610590
8980261574
8972321599
8983095350
8975291536
8969485641
8976535318
8970920958
8945675630
8974591166
8974436082
8975241706
8822673714
8976630147
8968655523
8972529697
8802024840
8974355209
8978498403
8976726771
8975318854
8841068801
8882690698
8980289076
8978675030
8974795629
8715192269
8978296486
8974101277
8979809038
8973085594
8975680408
8983248167
8933411720
8963932386
8973933210
8981028930
8981005895
8972813240
8923916536
8975209629
8981467264
8979759815
8976822519
8970238661
8893185952
8727242530
8963023804
8975308733
8974135034
8967900943
8976487759
8982184256
8947241891
8962280257
8975059303
8979866207
8982696656
8980783033
8827539044
8983142511
8920762783
8969016552
8974802274
8975905236
8978827075
8975869074
8973011287
8977321777
8975538468
8952646478
8971714476
8979168438
8975624327
8972738489
8982726422
8979055869
8966415947
8976379956
8967019651
8804207338
8975796864
8978499163
8890516067
8971893175
8972080969
8972751982
8974717553
8956309034
8979686518
8840410947
8981395325
8961158230
8974779885
8858860744
8939851306
8979425126
8979410067
8980653751
8982682691
8952874823
8979660008
8983072119
8982414711
8965285489
8966352134
8979220179
8982715930
8968232590
8981763651
8930804561
8983247165
8977658966
8972102697
8950116632
8979362369
8955724726
8971423278
8978523483
8964686028
8974909567
8960206785
8979449604
8974596120
8952914077
8957994573
8975123173
8965937452
8974905780
8974669295
8982735103
8718570807
8975077987
8963671854
8964301696
8983193158
8969630740
8965668744
8978554561
8980800854
8974994900
8982671001
8982234009
8977918558
8975259396
8982001269
8979856689
8982935062
8983169023
8976190666
8983045851
8979417415
8975437239
8977504658
8981877861
8967716188
8979891715
8969421585
8953723493
8983277548
8979172701
8980639354
8798437962
8979805550
8979642456
8979408325
8973789959
8982778104
8969773633
8896012535
8982468516
8978271329
8979202752
8980861556
8983164384
8965128884
8976018832
8978037889
8983169723
8978525191
8952588167
8975768271
8943278882
8981896910
8802042843
8971995830
8978884109
8975466734
8858157921
8856816762
8977542758
8973352123
8977772022
8905856256
8967917639
8976468684
8972090087
8946668152
8981971474
8980693686
8976147464
8978809087
8926877912
8981244804
8975354007
8969322464
8859846524
8979017553
8976534560
8975520757
8861130671
8980651709
8980929836
8975564711
8975138126
8976036283
8970536981
8977805071
8977564731
8982888550
8972861768
8972434173
8972564958
8946026256
8969327638
8817706980
8971809138
8969020929
8981942143
8971533461
8981206861
8978677935
8802014423
8975219508
8980163264
8979893429
8769031365
8773070386
8972719516
8918514543
8979206809
8982177173
8982919616
8970506754
8979790694
8978635960
8982585212
8971097387
8983059187
8975343561
8975489582
8975194431
8978940758
8980469864
8975408058
8856805233
8979301934
8983016140
8972535234
8975188566
8969390827
8978921314
8975077910
8975305463
8952889512
8981244280
8898757366
8801611973
8981635891
8980896983
8979890026
8980155736
8975796737
8974092652
8979106929
8983184144
8901844880
8983276267
8931708982
8831848815
8977286774
8918384997
8968917401
8977861302
8910198972
8974502679
8976366303
8976561054
8783132921
8972337108
8767096762
8898096630
8943698580
8940796562
8977293839
8976146349
8748401613
8974520310
8980049067
8979308190
8982239780
8979734633
8968513936
8939795558
8975331990
8982334722
8972948974
8968100195
8974658848
8970266721
8972746688
8975480377
8982557396
8972010923
8983308072
8975328650
8981378492
8981592557
8975104273
8976241995
8982366388
8943204653
8980420991
8974799393
8974829452
8980388158
8965759335
8955399671
8977327202
8923880500
8974375902
8944697844
8979924727
8981054660
8972317232
8975936440
8968544906
8976033832
8982134853
8983019455
8925870723
8953893016
8957823530
8978082428
8969408658
8981620056
8983262542
8616673977
8969852038
8976602167
8976595309
8979530608
8982323598
8971106796
8979810747
8981798665
8981575790
8979338696
8971617801
8942409036
8847683627
8888604239
8973868441
8980146693
8974584629
8982026024
8969864414
8978574681
8979085446
8982597646
8978210799
8981485316
8975382001
8976100461
8982495730
8979978640
8982963333
8977271218
8981633493
8965609940
8972725643
8974189213
8977316341
8940529982
8979162542
8980292329
8978642461
8971286203
8876210394
8980283677
8969235454
8827677066
8969902485
8971748816
8977614691
8951302579
8971823089
8972058140
8981359090
8981214917
8980642463
8982555639
8978368654
8980343797
8968957092
8981593733
8880238817
8966410677
8974552213
8978759930
8976229981
8982696640
8825278963
8975724615
8923699361
8978046014
8975491428
8901010648
8975245663
8980886037
8981426503
8978674370
8974995260
8975567555
8979821624
8981051505
8975808505
8980207112
8950830471
8979443518
8963103631
8974287383
8961712557
8948556214
8983190410
8978423438
8971855509
8930234520
8981686269
8979223758
8981181194
8979189126
8979088397
8980714522
8914288761
8983180162
8979532936
8983291808
8950382725
8922333010
8973807170
8980332082
8982115751
8954434719
8963962059
8942673387
8860586827
8863442358
8883791541
8802975041
8983111957
8970823170
8958513103
8977642667
8966635078
8969393531
8958072287
8983040923
8978472494
8326309342
8968613778
8983273279
8964934895
8980928570
8976084180
8971778026
8982196273
8979853429
8969372408
8981384099
8971292637
8971783791
8982990127
8980010224
8978000176
8978882887
8971545579
8979483982
8980417700
8980773085
8808528025
8975853176
8616640580
8928267281
8980383170
8983157664
8943117642
8975047624
8824293572
8976012026
8981190815
8951220361
8979851253
8979295825
8983206997
8978851855
8978990532
8982696671
8825604059
8978653594
8939928474
8975280278
8979349027
8967009056
8973773542
8974058587
8975153639
8974668898
8981008438
8902389649
8977538328
8973276978
8979079291
8979325908
8980447545
8975046832
8975106160
8975301429
8976896706
8981693604
8981657308
8982037357
8983026745
8979071048
8818444781
8983042450
8980544532
8976435120
8976324088
8965759701
8972544619
8969901473
8976353058
8975493057
8981762120
8973434792
8812506712
8976321994
8974149426
8980800529
8980069415
8975953592
8964959951
8975298539
8933068982
8983155082
8965958139
8960055401
8969909575
8968393873
8979464318
8980121970
8972806367
8980011201
8983179183
8970893737
8980432661
8978932101
8960516861
8950124063
8982356809
8959782308
8976248243
8974262328
8963355400
8976125000
8964663463
8975254724
8977714426
8949317623
8964135818
8974364727
8801660287
8968997546
8982621391
8979203355
8969937735
8980430989
8982525545
8979182632
8983241294
8973534274
8976160563
8918317290
8977913976
8971724208
8976320717
8981428957
8971820227
8981450253
8975777209
8974523923
8983198290
8979307516
8982900121
8883705881
8981943833
8979473401
8616693669
8976655900
8977744155
8834644181
8976405368
8980795951
8968980487
8974920376
8971909442
8977461526
8968874593
8980205909
8941622288
8921179374
8975256023
8976764937
8969547607
8969311000
8924371448
8979236197
8975224500
8943407582
8920929804
8608162707
8971773802
8980672688
8976540586
8977684914
8964740153
8975138981
8979746903
8981213232
8980241334
8976521038
8969886959
8976526797
8975542891
8956645157
8981131563
8983314454
8921802560
8975318693
8979350915
8983002544
8977971832
8943111309
8885840903
8975836839
8979569589
8734468551
8975047826
8982344786
8821124972
8967940394
8983140033
8978991813
8978010221
8975292098
8980177518
8980088817
8978662563
8974471149
8873628363
8982857071
8906105811
8982741697
8971839872
8955484272
8969387147
8978715180
8974686883
8804787337
8951278942
8974491050
8898603015
8934093470
8973676184
8971491511
8975914231
8974880852
8947844431
8971595835
8982714345
8971848216
8975361801
8974112603
8826419843
8975159473
8978665869
8980921587
8981287352
8982617267
8980822180
8976422369
8980602782
8969972271
8979865086
8983222929
8973357458
8970160135
8952855168
8972852601
8973308289
8976250569
8974563516
8980276433
8980720011
8980340490
8982198677
8979691287
8975282858
8974788552
8974207860
8967591768
8975641260
8914105653
8979150351
8326172232
8833816796
8894693176
8980361529
8971778747
8976203740
8972226382
8616783524
8971449245
8923515009
8979924980
8970289484
8977024550
8983094101
8971779524
8833014329
8980264014
8978572141
8978400048
8981386575
8738237829
8981914924
8954501491
8854369040
8974145690
8973771977
8974221954
8920704578
8981665065
8980219072
8973722005
8979664601
8942577537
8973083534
8979094195
8972423695
8975347684
8980675018
8979328465
8979092895
8800966412
8981292939
8963452949
8979769665
8975929286
8980366440
8972158703
8976433289
8966513232
8942637089
8841633456
8980698459
8970808343
8981276677
8981113403
8912360860
8708522816
8956835245
8980920914
8982594483
8802601507
8975104989
8982730689
8979864333
8983274198
8801785395
8980784696
8975606575
8976191565
8972018499
8975764246
8801649424
8976150497
8977562350
8975317948
8971795919
8965671167
8974469978
8974272116
8982157215
8979671203
8981696096
8983252869
8979848905
8974436162
8974706143
8616706405
8982802006
8965958572
8973886515
8981439280
8974263484
8979932319
8968766838
8978790550
8982149059
8978005650
8976570068
8981585619
8975172692
8966094810
8981109965
8976624035
8965380431
8970683466
8980857565
8971191028
8976989630
8964632958
8977689968
8966130785
8975649134
8977776645
8954934501
8982197791
8979564612
8975422549
8979096941
8964723192
8979181352
8980820809
8978867755
8982767339
8968749771
8979521144
8979997402
8981955253
8715692821
8974078885
8975608313
8967044311
8975733809
8972113034
8968928760
8972798708
8982988353
8974568818
8982793222
8975416632
8969125174
8979049220
8936411535
8979919401
8978562230
8975486118
8956310267
8981638967
8983017427
8902532617
8975862437
8977811538
8972517735
8975092419
8982181523
8925562946
8976463968
8979989271
8976251841
8980346469
8970888588
8931382978
8768390552
8971851805
8982005402
8860787743
8981010014
8974994935
8976893015
8976779641
8982839795
8933053630
8903243720
8967160642
8974619874
8974798423
8919087224
8974989467
8972730328
8981976024
8960497195
8917272144
8983225028
8954592156
8979399283
8975540948
8982781717
8970985216
8977769343
8976193812
8971850209
8943620027
8953993032
8971667790
8950781771
8976254351
8981794350
8981938654
8979859155
8980870238
8976699462
8980320194
8953486338
8965649810
8982986784
8911032818
8974588890
8976746133
8975487869
8981684740
8969051845
8960710463
8896510997
8745308116
8972979948
8979499804
8979992503
8971750643
8854406474
8978069388
8976391618
8981432464
8981057797
8968793625
8975788101
8982170236
8976516902
8982722195
8876939627
8975272310
8804896123
8974809772
8950238796
8976123292
8977719676
8971374798
8974886072
8981133743
8940626873
8979862880
8825326744
8979628916
8918202275
8974383854
8616628154
8978659201
8976073232
8326329300
8971826033
8878290475
8974157942
8983122072
8974216195
8974492948
8980296771
8979678183
8976305487
8965403207
8978707441
8976339976
8978354529
8972657242
8979904322
8979965939
8981735935
8972619878
8972129150
8889428102
8976745021
8978852765
8979300299
8977506806
8978818264
8982103186
8979650270
8981088233
8976234029
8975611798
8956670096
8975648750
8970476449
8978455460
8980798184
8980832664
8982110596
8816583797
8972579106
8971012718
8979606471
8722881062
8976546993
8913922419
8971700945
8982244888
8973004969
8832726612
8982741776
8954019377
8953449589
8981608430
8976572982
8983163561
8973859156
8979698044
8973583457
8977372583
8983141168
8899822038
8980898217
8964725395
8982633131
8983121861
8976045486
8982029781
8982071074
8976440985
8975085491
8979294807
8983232901
8748363222
8971108469
8859478682
8980582718
8971880002
8979644625
8973624368
8983264489
8973933742
8941349597
8975330027
8968070248
8971970497
8971885675
8982381912
8976560512
8954633942
8975551187
8982348032
8981387089
8977778995
8983228660
8962995247
8964232304
8974566492
8971896988
8933143624
8975336690
8969405699
8976939198
8949830845
8973673138
8964682048
8970729812
8980216551
8975353099
8943299072
8974830815
8738096296
8919098389
8964357149
8981041156
8786426133
8983215901
8975553165
8979709205
8326178334
8974366621
8974797453
8980780777
8964910054
8961801576
8980908469
8830645554
8974689988
8980802400
8906556530
8982530387
8975638548
8932483088
8973962335
8968637393
8956533820
8976093599
8977974154
8932823897
8967843708
8976727673
8976495459
8970592962
8965786664
8981783623
8979914371
8974067871
8969640941
8976327856
8976785584
8976197859
8979341074
8975438145
8981694676
8982164822
8974177458
8971462398
8971794289
8894696280
8973665125
8969928565
8976368101
8879803983
8973282042
8972622009
8979948038
8970787420
8967478144
8980445872
8980977746
8959924134
8979249225
8980130209
8896933101
8919987634
8974914747
8974781713
8974195468
8905238585
8978538535
8972614806
8983259993
8980769977
8980073504
8976226876
8982127866
8972866117
8979860747
8983152886
8951995333
8930234815
8979372721
8974058079
8947307314
8941668341
8975556787
8971876488
8973650651
8980546348
8961166512
8974729952
8953579640
8974239200
8980367477
8982266445
8982541355
8972706085
8980338413
8961026263
8976088402
8964773873
8978037719
8978903099
8945766187
8982905046
8980273957
8977484698
8616739179
8982458927
8974401027
8980353744
8892841052
8708449079
8899713752
8616700348
8975083875
8976375545
8974504799
8972806623
8983213344
8816521220
8973526621
8981122944
8979434551
8983191103
8976345780
8975672892
8979925888
8983059928
8802588483
8898639695
8975279361
8976131143
8971288287
8974280461
8982297486
8974460291
8942274951
8978417850
8979196339
8940256783
8975461976
8977631182
8976271680
8838438386
8953937700
8970221836
8957915636
8975714909
8968787574
8979008880
8982267274
8976221374
8976375810
8982711448
8978585066
8979084170
8955481062
8972803438
8762265970
8977722816
8964812999
8978985461
8980435942
8961887737
8973941006
8976332993
8975414106
8939803913
8972540059
8976768094
8810165287
8976900203
8952327517
8976235849
8980244066
8755469539
8968918564
8976365996
8978112109
8865044237
8761956162
8972733584
8922059235
8970422817
8979050072
8983155912
8978769423
8975691019
8969363847
8980682269
8920132810
8982939745
8980499637
8982767813
8950582211
8978815655
8978561751
8979537252
8977359476
8979858120
8978789229
8979550096
8983010198
8975470273
8978500571
8975267119
8976030750
8967625067
8975061631
8979526747
8971457371
8869419342
8983109739
8973933454
8976512485
8965796190
8976140781
8971189854
8979841750
8943648994
8981871126
8982891520
8867892896
8982568395
8980954609
8972593341
8975849244
8968066164
8951281280
8909128439
8976382005
8982736046
8982812133
8981569243
8976129068
8982320641
8971317928
8980186605
8980234369
8980258359
8972118097
8980893097
8931090492
8975245332
8971418066
8974320099
8967780820
8960985460
8980577119
8982728014
8979190175
8981879911
8974867675
8967139670
8976252140
8982871051
8827576892
8975759892
8825309750
8979479217
8975290566
8980722937
8980920693
8834991567
8941205855
8979892409
8981693251
8971467929
8981601818
8932840701
8980904377
8973612651
8975502508
8982696712
8979515186
8975976566
8974973848
8826984600
8973145930
8972635342